0110000010 0000110000 0000000101 0010000000 0010000000 0010100000 0000100001 0100000001 0100000001 0100000101
0100111000 0000000011 0000000000 0000010100 1010000100 0010000100 1000000100 1000000000 1000011000 0010000000
0000100010 0100000010 0101110000 0000000000 0101000001 0001000001 0001000001 0000000101 0010010000 0010000000
0011100010 0000000000 1000000000 0000000001 0011001001 0000001000 0000001000 1010100000 1000001111 0000000000
0000000000 0110001110 0000000000 0000001101 0100000000 0000101111 1000000000 1001010000 1000010000 0000000000
0000001100 1000000000 0001110000 1000000110 0000000000 0001100000 1000001110 1000000000 1001000010 1000000000
1110000000 0000000001 0000010000 0100010010 0000000000 1001111000 1000000000 0000010000 0010010110 0000010000
0010000000 0000000111 0000000000 1000001000 1001000000 0001001100 0101000000 0101001101 0100000000 0000000010
0001100010 0000000010 0010000000 0010000000 0010100000 0000001111 0010000000 0010001000 1000000000 0000010111
1100000000 0000100000 1000100100 1000100001 1010100001 0000000000 1110010110 0000000000 0000010000 0000000000
0001000101 0001000100 0000000100 0000000001 0001000000 0001001100 0000000001 1000111100 1010000000 1000000000
0110000100 0000000000 0001111000 0100000000 0100000010 0000000010 0111000000 0000000111 0100000000 0000001010
0000000000 1110010001 0000000001 0010111101 0000000000 0011000000 0000000000 0000110000 0000000010 0101100000
0000110101 0000000000 0000000000 0001001000 0000001001 0000001001 0001000001 0001000001 0001011000 1100000010
0001000000 0101000000 0100011101 0100000000 0100000000 0001000010 1101010000 0001000101 0000000100 0000000000
0100000000 0000001110 1100000000 0000010100 1110000100 0000000000 0001010000 0000000000 1000011110 1000000000
0000000000 1010010010 0010000010 0000001000 0111101000 0000001010 0000000000 0111000000 0000000110 0000010000
1001000000 1000010000 1000000000 0000000011 0010000000 1000000000 1000101111 0000000000 1110000000 0000000011
0000000000 0100001110 0101000000 0000000001 0000111000 0000000000 0000100101 1000000001 1000011001 0000000001
0000001000 0000000000 0011110111 0000000000 0101000100 0000000100 0000010100 1100010001 0000000000 0110000000
0000000000 0001100000 0000000101 0100000100 0101000100 0100000000 0000100010 1000100000 0000100110 1100100000
0000000000 0001000110 0100000000 0100101110 0000000000 0001000000 1001010100 1001000100 1000000001 1000000000
0000000000 0000011000 0100000001 0101000000 0101000010 0001000010 1001010010 0000000000 0000000010 1101000010
0000001000 0000000000 0111100111 0000000000 0000010000 0101010000 0000000000 0101100100 0100000000 0000111000
0011101000 0000000000 0000000000 0100001110 0101000000 0000000000 0111100100 0000000000 1100001010 0000001000
