0110000010000011000000000001010010000000001000000000101000000000100001010000000101000000010100000101
0010001111100000000000100000010000000000010000000001000110000000000000100111000010000001110000000000
1010000010100000001010000000101000010000000001010000000001000000000100101000000000001100000100000110
0000000000111000000100001110010000000000000110001000000000100000000000100000010000000000011111000100
0100000101010000000101000000010000100001001010000000100000000010000000000000010100001100000110000010
0100000110000011000010100000000000000100000000010000000101001000010000100000001010000000101010000010
1111000100000000000110000001000000000000000000001000011000100000000000000011100111100000010000000000
0000000000100000011110011100000000000000010001100001000000000000000000001000000110000000000010001111
0100111000000000001100000000000000010100101000010000100001001000000100100000000010000110000010000000
0100000000010000000000011110001000000010100100001010000000000000000000000011000110000000000000101110
0000000100000110000100000000010010000001001000010000100001010010100000000000000011000000000001110010
0111010000000000000110001100000000000000000000000101000010010100000001000111100000000000100000000010
0010000000100001100010000000001000000100001000010010100001000000010100000000000000000000110100111000
0001110010110000000000000000000010100000001000010100100001000010000001000000000100011000010000000100
0000000010000000001000011110000100000001010000100100000000010000000000100011000000000000010111010000
0000101110100000000000001100010000000000100000000010010000101000000010000111100001000000000100000000
0000100010010000001001011100000000000000010100000100010000010001000001000000010100100100000010000000
0000111100110000000000000001000000000000001000001010100000000010111000000000001101101000000000000000
0000000100000010010010100000001000001000100000100010000010100000000000000011101001000000100100010000
0000000000000001011011000000000001110100000000010101000001000000000000001000000000000000110011110000
0010000000001001000000000001010001000001000100000101010000010000000000010111000001000000100000100010
0100010000010000001000001110100000000000100000101010000010001000001000101000000000001001000000000100
0011110000000000001100100000000000000000010000010000000001010001110100110000000000000101100000000000
0000000000011010000000000000110010111000101000000000100000100000000000000000010011000000000000111100
0011100010000000000010000000000000000001001100100100000010000000001000101010000010000011110000000000
0001100010100000001000000000100000111010000000000010000001001000100000100010010000000000000010000110
0000000000111100000100000101010001000000000100000010010011001000000000000000000100000000000100011100
0110000100000000000000100100010000010001001000000100000000000101110000010000000001000000010100011000
0000000000100000111110101000000000001000000000100000110010010000000001100000000000000000000011100010
0100011100000000000000000000011000000000100100110000010000000001000000000001010111110000010000000000
0100011000010000000101000000000101110000000000000000100000010000010001001001000100000000000110000100
0010000110000000000010001001001000100000100000010000000000000000111010000000001010000000100001100010
0000000000011000111000000000000000001101010000000000001011111000000000100101000010000100000000000000
0001010000010001000001010100000101010000000000011000000100000000000100010000000001001000000000001110
0000000000000010000100001010010000000001111101000000000000101011000000000000000001110001100000000000
0111000000000001001000000000100010000000000010000001100000000000101010000010101000001000100000101000
0000000000100001000010010100001000000000000010111101000000000000001101000000000001100011100000000000
0000000000011100011000000000001011000000000000001011110100000000000001000010100100001000010000000000
0000101000000010001000001010100000101010011000000000001000000010000000000000001000000100100111000000
0000001110010010000001000000000000000100000001000000000001100101010000010101000001000100000001010000
0000001100100000000000011100001000000110000000000000011000001000001110100000000010010000101000000000
0000000000000100101010010010001000001000001000000000100100000010010010000000000000000000000101001111
0000000001010000100100000000010111000001000001100000000000000110000001000011100000000000010011000000
1111001010000000000000000000000100100100000010010000000001000001000001000100100101010010000000000000
1000000000100100001010000000001000001110000110000000000000001000000110000111000010000000000000001100
0011000000000000000100001110000110000001000000000000000110000111000001000000000101000010010000000001
0000000000010100100000010010010001000001000000010000001001000100100100000000000000000000001111001010
0101001111000000000000000000000010010010001001000000100000001000001000100100100000010010100000000000
1110000000000000000100000100000100010010000000000010011110001000000000000001000000100101100000010000
0100000000000100001000000000100000010000001101011100000100000000010000100000001010010000001000011000
0000100000011010010000001000000000000001000111100100000000000100100010000010000010000000000000000111
0001100001000000100101000000010000100000000010000011101011000000100000010000000001000010000000000010
0000010000001001011000000100001000000000100111100000000000000100010010000001000000000000011110000000
0000000111100000000000001000000100100010000000000000011110010000000001000010000001101001000000100000
0000000010010000100001000000000000100000111010110000001000000000100000010000000100000010010001100001
1000011000100100000010000000100000010000000001000000110101110000010000000000001000010000100100000000
0010000000000000011100000000001000001000100100000000010011000101000000010100110101000000000000000010
0100000100010000000101000101000001010100000000000000000000000000111100100000000000000011100001100000
0100000000000000001010110010100000001010001100100000000010010001000001000000000011100000000000000100
0000011000011100000000000000010011110000000000000000000000000010101000001010001010000000100010000010
0000000010010000000001010011010101000000000100110010010000001000001000000000000000000001110010000000
0000000100111000000000000000000001000001000000100100110010000000001010101100101000000000100100000000
0010000010100000001000101000100010101000000000000000000000000011110000000000000101110000000000011000
0001100000000000111010000000000000111100000000000000000000000001010100010001010001000000010100000100
0001100010000000001000100000000010000000001010000000000011110010000000001000100010000000000000010111
0000010001110001000100000100010000010100000000000110001000001000000000001110110000000000000000000010
1110100000000000000100010001000000000100111100000000000101000000000100000000010001000000000100011000
0100000000000000000000110111000000000001000001000110000000000010100000100010000010001000111000100000
0000010111100000000000100010000010000000000000111100101000000010000000001000000000000000100001100010
0100011000010000000000000001000000000100000001010011110000000000000100000100010000000000011110100000
1000100000100010001110001000000010100000100000000000000100010000000001001101110000000000000100000000
0000000010000000000000111011001000000000100010000000000000010000010100000001000111000100010000010001
1100000000000010000010001001001000100001101010000100000000001110010110000000000000000100000000000000
0001100000000000100000100010000000000000000000101001111000000000000000000010100010000010001011101000
0000000000000010000000000000000110100111000000000010000101011000010001001001000100000100000000000011
0001011101000100000100010100000000000000000001111001010000000000000000000100010000010000000000011000
0000000000000001000000000000001110010110000000000010101000011000100001100010010000001000001100000000
0000000011000001000000100100011000010001100001010100000000000110100111000000000000001000000000000000
0000011000000100000000010001000000000000010100000000000111100000000000000101000000010000010001011101
1011101000100000100000001010000000000000011110000000000010100000000000001000100000000010000001100000
0001000101000100010000000001000000000001000100000000010011000000000001100011110010100000001000000000
1001001000000000000011100101000000010100000000010000000001001100110000000000001000000000000000000111
0000000001000000010100111100011000000000001100100000000010001000000000001000000000100010001010001000
1110000000000000000001000000000000110011001000000000100000000010100000001010011100000000000001001001
1000000000101000000010001111000000000001000100110000010000000000000001000000010000010001000001000101
1010001000001000100000100000001000000000000000100000110010001000000000001111000100000001010000000001
0001001001000000000000101001110010100000001000000000100000000000110011010000000000000000001110000000
0000000111000000000000000000101100110000000000010000000001000000010100111001010000000000001001001000
0110000100000000000000011110000100000000010000001000000000100111000000000000011101000000000000001010
0000000100000011010110000001000010000001001000000000100000000010001000100000100010011010100000000000
0101000000000000001011100000000000001110010000000001000000100000000010000111100000000000000010000110
0000000000010101100100010000010001000100000000010000000001001000000100001000000110101100000010000000
0000001010010000000000000001110111000000000000001001000000100100000000000111100000000000000110000100
0010000110000000000000011110000000000010010000001001000000000000001110111000000000000000100101000000
0010000000101011000000100000011000000100000000010000000001000001000100000100000101010110010000000000
0000000000100110101010000010000010001000001000000000100000000010000001100000010000001101010000000100
0000000000111001000100000000010010111101000000000000110000000000000000000011000000000000100101100000
0111000000000000001000010000000001000000010100010000010001010000010001010101000001000000010100000000
0000011010010000000000001100000000000000000000110000000000001011110100100000000010001001110000000000
0000000010100000001000001010101000100000101000100000100010100000001000000000100001000000000000001110
0101100000000000001000001100000000000000001100000000000000000010111101000000000111100100010000000000
0000000000100010011110000000001011110100000000000000000011000000000000000011000001000000000000011010
0000001110010000000000000010000000001000001000101010100010001000100000000010101010000000100000000010
0100000000010000000101010100000000010001000100010101010001000001000000000100000000000000100111000000
0000110101000000000000000000000001001000000000100100000010010001000001000100000100010110001100000010
1000111100000000000110000000000001110010100000001010000000000001001110000000000000000000010000000001
0100000011000110100010000010001000001000100100000010010000000001001000000000000000000000001010110000
1000000000100000000000000000000111001000000000000101000000010100111000000000000110000000000011110001
1100000010000101100000010000010001000001000000100100000010010001001000000000000000000000000000110101
1010110000000000000000000000000001001000100100000010010000001000001000100000100000011010000100000011
0011110001100000000000000000010100111000010000000100000000010111001000000000000010000000001000000000
0000000001000000000100000000000001001110100000000010000000100001110010100000000000000000011000111100
0001000000010100000001000111010100000000010000000000010000101101010000000100010100000001000000000000
0010000100000001000000100001100010000000001000100000000000001100011100000000000001111010000000001000
0000000000001000000010100010000000101011010000100000000000100000000010101110001000000010100000001000
0001000000000101111000000000000011100011000000000000010001000000000100011000010000001000000010000100
0000000000000000010000010001011101010000000100001001000000000100000000010001110101010000000001000000
0000001000000000101010111000100000000010000000001001000010000000101011101000100000100000000000000000
0010000100000010000001100001000000000100000100010000000000000011100011000000000000010111100001000000
0000001000011110100000000000001100011100000000000000100010000010000000001000011000000100000010000100
0100000000000000111011000000000000010100111000010000000000000001010000000000000010000111101000000000
0000000000010000001001011000100100000010000100101000000000000000001000000010000010101000000010100011
0000000001011110000100000000000000101000000000000000100001110010100000000000001101110000000000000010
1100010100000001010100000100000001000000000000000001010010000100000010010001101001000000100000000000
1000000000100001111000000000000001010000000000000011100001000000010100110000000000000011100100000000
0000000010011100000000000000110010100000001000011100000000000000101000000000000001111000010000000001
0000000000010000001001000110100100000010010100100000000000000001000000000001000000000101011100010100
0010100011101010000000001000000000001000000000000000010010100100000010010110001001000000100000000000
0000000000101001001000100000100000001000011110100000000010100000000000011100000000000001100000010000
0000000000011001001000000000100001110000010000000100001000000000100100011010010000001001000100000000
0000100000011000000000000011100000000000010100000000010111100001000000010000010001001001010000000000
0000000010001001000000100101100010010000000001000010000000100000111000010000000001001001100000000000
0000010000000000011001110000000000000000000000101001111010000000001000001000001010100100100000000000
0000000000010010010101000001000001000000000101111001010000000000000000000000111001100000000000100000
0000000000010010011001000000000000111000100000001000000100000010010000001001011000100100000000000010
0100000000000010010001101001000000100100000010000001000000010001110000000000001001100100100000000000
1001000000100001000010000000000000000011001000000010000000001000101111000000000011100000000000000011
0001001001000100100100000010000000001000010000000000000010001000000000000010001000000000101110011010
1100000000000000011100000000001111010001000000000100000001001100000000000000000100001000010000001001
0101100111010000000001000100000000000001000100000000000000100001000000000100000010010010001001001000
0000000011111000000000000000001000101111100000000000100000000000000011100000000010000100001001000000
0000001001000010000100000000011100000000000000010000000000011111010001000000000000000001111100000000
1001001000100100100000010000000001000000000000001000010000000000000001010001000001000000000101100111
1110011010000000001000001000101000000000000000100001000000000000001000000000100000010010010001001001
0000000000010000111001010000000000000001000011100000000000000000100101100000000110000110010000000001
0001001111010000000001000010000100100010000010001000001010000010000000000000000001100000000000000110
1000000000100110000110000000011010010000000000000000011100001000000000000000101001110000100000000000
0110000000000000011000000000000000000100000101000001000100000100010010000100001000000000101111001000
0000000001100001100110000000010000100101000000000000001110000000000001010100000001000011100000000000
0000000000011100001000000010101000000000000111000000000000001010010000100000000110011000011000000000
1111001000000000001000010000100100010010010001000000010100000000000100000000000000000001100110000000
0000000110011000000000000000000010000000000010100000001000100100100010010000100001000000000001001111
0000001000000000000000111101110000000000010100010000000001000000010100110001000100000000000110000000
0010000100001000000000101110001000000000001000110000100000000010100000001000000100001001010000000100
0000000110000000000010001000110010100000001000000000100010100000000000111011110000000000000001000000
0010000000101001000010000001000000010100000000010000110001000000000001000111010000000001000010000100
0110000000000000000011000100010000010100000000010001010001000000000000001111011100000000000000001000
0001000000000000000011101111000000000000001000101000100000000010100000100010001100000000000000000110
0010000100000000010000011101000000000001001100010000000001000000010100100000010010100100000010000000
0000000100000010010100100000010010100000001000000000100011001000000000001011100000100000000010000100
0000000000000110000000000001010100000100010100010001000000000000100010100010000000001001101100100000
0010000000000000101000111000100000000000000000000001000011110100100000000000000000011100010000000101
0000010011011001000000000100010100010000000000001000100010100010000010101000000000000110000000000000
1010000000100011100000000000000000010010111100001000000000000000000000010001110001010000000000000100
1100100000000010011010001000000000100010010000000001010001000100000100000000010100011000000000000000
0000000000000001100010100000000010000010001000101000000000100100010000000001000101100100000000010011
0000000100010100000001000111000000000000000000000011110000100000010010000000000010001110001010000000
0000000101000111000100000000000100100000010000111100000000000000000000001110001000000010100010000000
0000000000000100011001000000000100101110000000000000010000001001010100100100010010000000011000000000
0000000010010100000001010011000001000000000000100000010000000100011100000000000000110000000000001111
0000000001100000000100100010010010101001000000100000000000000111010010000000001001100010000000000000
1111000000000000110000000000000011100010000000100000010000000000001000001100101000000010100100000000
1000000000100000000110010001001001010100000100000000000000000100101110010000000000010001100000000000
0000000000011000100000000000100111010010000000000000000010000010101001001000100110000000010000000001
0100000000000000101000110010100000001000000100000000000010000011100010000000000000000011001111000000
0000001111001100000000000000000100011100000100000000000010000001000000010100110001010000000000000010
0000000000000001100001000000010101000000010100001000010000101001010010000000000000000000101101000010
0010000000000011101100000000000100000000010000100000000000000001111001000000000000111000010000001001
0100001011010000000000000000000100101001010000100001000010100000001010100000001000011000000000000000
1001000000100001110000000000001001111000000000000000010000100000000010000000000011011100000000000100
1101000010000000001000000000001001010010000100001001010000100101000000010000000100000110000000000000
0000000000000110000010000000100000001010010000101001000010000100101001000000000001000000000100001011
0000000100110111000000000000000000000010000100001000000000001001111000000000000010000111001001000000
0000001001001110000100000000000001111001000000000001000010000100000000000000000000001110110010000000
0000001000000000000001111001110000000000000001000001010100000000000000010110010001000000000000111000
0010000000001000000000100001001000000001000011000100100001010010010100001000000000100101100000000000
0001110000000000001000100110100000000000000010101000001000000000000000111001111000000000000001000000
0000000000011010010000000001000010100100101000010010001100001000000001001000010000000001000000000100
0000111000010000000001011001000000000000010101000000000100000000000000011110011100000000000000001000
0001000000000000000011100111100000000000000010000000001010100000000000001001101000000000100001110000
0000000100000000010000100001001000000001100011000010100001000010100100000000010001101001000000000000
0000000000001001011000100000000010010100001000010100001100011000000001001000010000100000000010000000
0011101000000000000000000000000100001110010100000000000000000111100100000000000011000010100000001000
0000000000000100001000010010001001000011000000000010000010001000101000100000100000011010100000000010
0001000000010100001100000000000010011110000000000000000010100111000010000000000000000000000001011100
0100000000010101100000010000010001010001000100000100000000001100001001000100100001000010000000000000
0000001000110000101000000000000111100100000000000001010000000100001110000000000000000000000011101000
0001011100000000000000000000000111000010000000101000000000000010011110000000000001010000110001000000
0000000000010000100000010010001100001001000000000000010000010001010001000100000101010110000100000000
0000000010000110101010000010001000101000100000100000000000001001000011000100100000010000100000000000
